Igrac 1 - name1
   Figure 1(S,RED) - predjeni put  (5, 16, 27, 38, 49, 58, 67, 76, 85, 74, 63, 52, 41, 32, 23, 14, 15, 26, 37, 48, 57, 66, 75, 64, 53, 42, 33, 24, 25, 36, 47, 56, 65, 54, 43, 34, 35, 46, 55, 44, 45) - Stigla do cillja Da
   Figure 2(S,RED) - predjeni put  (5, 16, 27, 38, 49, 58, 67, 76, 85, 74, 63, 52, 41, 32, 23, 14, 15, 26, 37, 48, 57, 66, 75, 64, 53, 42, 33, 24, 25, 36, 47, 56, 65, 54, 43, 34, 35, 46, 55, 44, 45) - Stigla do cillja Da
   Figure 3(O,RED) - predjeni put  (5, 16, 27, 38, 49, 58, 67, 76, 85, 74, 63, 52, 41, 32, 23, 14, 15, 26, 37, 48, 57, 66, 75, 64, 53, 42, 33, 24, 25, 36, 47, 56, 65, 54, 43, 34, 35, 46, 55, 44, 45) - Stigla do cillja Da
   Figure 4(O,RED) - predjeni put  (5, 16, 27, 38, 49, 58, 67, 76, 85, 74, 63, 52, 41, 32, 23, 14, 15, 26, 37, 48, 57, 66, 75, 64, 53, 42, 33, 24, 25, 36, 47, 56, 65, 54, 43, 34, 35, 46, 55, 44, 45) - Stigla do cillja Da
Igrac 2 - name2
   Figure 5(H,GREEN) - predjeni put  (5, 16, 27, 38, 49, 58, 67, 76, 85, 74, 63, 52, 41, 32, 23, 14, 15, 26, 37, 48, 57, 66, 75, 64, 53, 42, 33, 24, 25, 36, 47, 56, 65, 54, 43, 34, 35, 46, 55, 44, 45) - Stigla do cillja Da
   Figure 6(S,GREEN) - predjeni put  (5, 16, 27, 38, 49, 58, 67, 76, 85, 74, 63, 52, 41, 32, 23, 14, 15, 26, 37, 48, 57, 66, 75, 64, 53, 42, 33, 24, 25, 36, 47, 56, 65, 54, 43, 34, 35, 46, 55, 44, 45) - Stigla do cillja Da
   Figure 7(O,GREEN) - predjeni put  (5, 16, 27) - Stigla do cillja Ne
   Figure 8(H,GREEN) - predjeni put  (5, 16, 27, 38, 49, 58, 67, 76, 85, 74, 63, 52, 41, 32, 23, 14, 15, 26, 37, 48, 57, 66, 75, 64, 53, 42, 33, 24, 25, 36, 47, 56, 65, 54, 43, 34, 35, 46, 55, 44, 45) - Stigla do cillja Da
Igrac 3 - name3
   Figure 9(S,YELLOW) - predjeni put  (5, 16, 27, 38, 49, 58, 67, 76, 85, 74, 63, 52, 41, 32, 23, 14, 15, 26, 37, 48, 57, 66, 75, 64, 53, 42, 33, 24, 25, 36, 47, 56, 65, 54, 43, 34, 35, 46, 55, 44, 45) - Stigla do cillja Da
   Figure 10(O,YELLOW) - predjeni put  (5, 16, 27, 38, 49, 58, 67, 76, 85, 74, 63) - Stigla do cillja Ne
   Figure 11(H,YELLOW) - predjeni put  (5, 16, 27, 38, 49, 58, 67, 76, 85, 74, 63, 52, 41, 32, 23, 14, 15, 26, 37, 48, 57, 66, 75, 64, 53, 42, 33, 24, 25, 36, 47, 56, 65, 54, 43, 34, 35, 46, 55, 44, 45) - Stigla do cillja Da
   Figure 12(O,YELLOW) - predjeni put  (5, 16, 27, 38, 49, 58, 67, 76, 85, 74, 63, 52, 41, 32, 23, 14, 15, 26, 37, 48) - Stigla do cillja Ne
Igrac 4 - name4
   Figure 13(O,BLUE) - predjeni put  (5, 16, 27, 38, 49, 58, 67, 76, 85, 74, 63, 52, 41, 32, 23, 14, 15, 26, 37, 48, 57, 66, 75, 64, 53, 42, 33, 24, 25) - Stigla do cillja Ne
   Figure 14(S,BLUE) - predjeni put  (5, 16) - Stigla do cillja Ne
   Figure 15(H,BLUE) - predjeni put  (5, 16, 27, 38, 49, 58, 67, 76, 85, 74, 63, 52, 41, 32, 23, 14, 15, 26, 37, 48, 57, 66, 75, 64, 53, 42, 33, 24, 25, 36, 47, 56, 65, 54, 43, 34, 35, 46, 55, 44, 45) - Stigla do cillja Da
   Figure 16(O,BLUE) - predjeni put  (5, 16, 27, 38, 49, 58, 67, 76, 85, 74, 63, 52, 41, 32, 23, 14, 15, 26, 37, 48, 57, 66, 75, 64, 53, 42, 33, 24, 25, 36, 47, 56, 65, 54, 43, 34, 35, 46) - Stigla do cillja Ne
Ukupan broj trajanja igre: 00:10:27
